2
2000
2986
1
2
0
1
1
617
65
71
204
1
1
-1
255
1
-16777217
0
2
-1
2
2
0
1
17
15
40
40
1
2
0
(null)
0
0
(null)
0
0
0
20
65
44
121
255
255
0
1
-33554432
1
-16777217
100
10
易之贝公司
0
0
0
(null)
2
1
0
0
720
576
1
1
-16777216
255
1
-16777217
0
7
-1
3
4
4
1
2
2
0
4
261
512
29
29
1
1
0
(null)
0
0
(null)
0
0
0
63
384
630
73
255
255
0
1
-33554432
1
-16777217
100
122
北京易之贝信息技术有限公司是专业从事信息技术研发和服务的高科技企业。公司致力于多媒体信息处理技术和嵌入式设备中间件的研发。
0
0
0
(null)
0
0
0
303
513
133
25
255
255
0
1
-33554432
1
-16777217
100
4
返回
0
0
0
(null)
6000
1998
1
3
0
1
1
55
345
640
187
1
1
-1
255
1
-16777217
0
11
-1
6
6
2
2
0
1
43
93
30
30
1
2
0
(null)
0
0
(null)
2
2
0
2
188
92
30
32
1
3
0
(null)
0
0
(null)
2
2
0
3
335
95
32
30
1
3
0
(null)
0
0
(null)
2
2
0
4
480
93
30
30
1
3
0
(null)
0
0
(null)
0
0
0
83
97
100
25
255
255
0
1
-33554432
1
-16777217
100
4
唐朝
0
0
0
(null)
0
0
0
157
25
298
25
255
255
0
1
-16777217
1
-16777217
100
20
杜牧是哪个朝代的人？
0
0
0
(null)
0
0
0
227
97
94
25
255
255
0
1
-33554432
1
-16777217
100
4
宋朝
0
0
0
(null)
0
0
0
379
96
90
25
255
255
0
1
-33554432
1
-16777217
100
4
明朝
0
0
0
(null)
0
0
0
521
95
97
25
255
255
0
1
-33554432
1
-16777217
100
4
清朝
0
0
0
(null)
2
1
40
403
640
144
1
1
-1
255
1
-16777217
0
4
-1
6
2
2
0
4
428
88
32
29
1
1
0
(null)
0
0
(null)
0
0
0
471
91
85
25
255
255
0
1
-33554432
1
-16777217
100
4
返回
0
0
0
(null)
0
0
0
113
36
360
25
255
255
0
1
-33554432
1
-16777217
100
26
正确答案是唐朝，您答对了。
0
0
0
(null)
3
1
40
403
640
144
1
1
-1
255
1
-16777217
0
4
-1
6
2
2
0
4
428
88
32
29
1
1
0
(null)
0
0
(null)
0
0
0
471
91
85
25
255
255
0
1
-33554432
1
-16777217
100
4
返回
0
0
0
(null)
0
0
0
113
36
360
25
255
255
0
1
-33554432
1
-16777217
100
26
正确答案是唐朝，您答错了。
0
0
0
(null)
